[ColorEffects:Disabled]
ChangeSelectionColor=
Color=56,56,56
ColorAmount=0
ColorEffect=0
ContrastAmount=0.65
ContrastEffect=1
Enable=
IntensityAmount=0.1
IntensityEffect=2

[ColorEffects:Inactive]
ChangeSelectionColor=true
Color=112,111,110
ColorAmount=0.025000000000000001
ColorEffect=2
ContrastAmount=0.10000000000000001
ContrastEffect=2
Enable=false
IntensityAmount=0
IntensityEffect=0

[Colors:Button]
BackgroundAlternate=51,132,178
BackgroundNormal=30,34,51
DecorationFocus=61,174,233
DecorationHover=61,174,233
ForegroundActive=61,174,233
ForegroundInactive=102,106,115
ForegroundLink=61,174,233
ForegroundNegative=237,37,78
ForegroundNeutral=255,106,0
ForegroundNormal=195,199,209
ForegroundPositive=113,247,159
ForegroundVisited=82,148,226

[Colors:Complementary]
DecorationFocus=61,174,233
DecorationHover=61,174,233
ForegroundActive=61,174,233
ForegroundLink=61,174,233

[Colors:Selection]
BackgroundAlternate=49,129,174
BackgroundNormal=49,129,174
DecorationFocus=61,174,233
DecorationHover=61,174,233
ForegroundActive=61,174,233
ForegroundInactive=0,0,0
ForegroundLink=183,220,251
ForegroundNegative=237,37,78
ForegroundNeutral=255,106,0
ForegroundNormal=0,0,0
ForegroundPositive=113,247,159
ForegroundVisited=189,195,199

[Colors:Tooltip]
BackgroundAlternate=47,52,63
BackgroundNormal=53,57,69
DecorationFocus=61,174,233
DecorationHover=61,174,233
ForegroundActive=61,174,233
ForegroundInactive=102,106,115
ForegroundLink=183,220,251
ForegroundNegative=237,37,78
ForegroundNeutral=255,106,0
ForegroundNormal=211,218,227
ForegroundPositive=113,247,159
ForegroundVisited=82,148,226

[Colors:View]
BackgroundAlternate=31,35,51
BackgroundNormal=22,25,37
DecorationFocus=61,174,233
DecorationHover=61,174,233
ForegroundActive=61,174,233
ForegroundInactive=102,106,115
ForegroundLink=61,174,233
ForegroundNegative=237,37,78
ForegroundNeutral=255,106,0
ForegroundNormal=211,218,227
ForegroundPositive=113,247,159
ForegroundVisited=124,183,255

[Colors:Window]
BackgroundAlternate=47,52,63
BackgroundNormal=24,27,40
DecorationFocus=61,174,233
DecorationHover=61,174,233
ForegroundActive=61,174,233
ForegroundInactive=102,106,115
ForegroundLink=61,174,233
ForegroundNegative=237,37,78
ForegroundNeutral=255,106,0
ForegroundNormal=211,218,227
ForegroundPositive=113,247,159
ForegroundVisited=179,13,191

[General]
AccentColor=61,174,233
ColorSchemeHash=35c73fb379a4940e5f22982a33078640b27cf788

[KDE]
LookAndFeelPackage=Kiro-Sweet
contrast=4
frameContrast=0.2

[WM]
activeBackground=47,52,63
activeBlend=47,52,63
activeForeground=211,218,227
inactiveBackground=47,52,63
inactiveBlend=47,52,63
inactiveForeground=102,106,115
